Key,BID,ASK,STRIKE,ITYPE,ADJTHEOR,IVBID,IVASK,IVAVERAGE
XCME.ZN.SEP25,111.0312500,111.0468750,INVALID,F,,,,
XCME.ZN1.01AUG25.111:25.P,.3906250,.4218750,111.2500000,P,.3579400,753.9576865,844.2707073,799.2231523
XCME.ZN1.01AUG25.112:5.P,1.4687500,1.4843750,112.5000000,P,1.4630092,838.0295583,1158.8334434,1030.3764428
XCME.ZN1.01AUG25.111:5.P,.5625000,.5937500,111.5000000,P,.5336802,753.7246716,859.4355572,807.2715650
