Key,BID,ASK,STRIKE,ITYPE,ADJTHEOR,IVBID,IVASK,IVAVERAGE
XCME.ZN.SEP25,111.0468750,111.0625000,INVALID,F,,,,
XCME.ZN1.01AUG25.111.C,.2968750,.3125000,111,C,.2643344,749.1324539,792.5198686,770.8277884
XCME.ZN1.01AUG25.113.P,1.9375000,1.9687500,113,P,1.9495522,,1254.2984321,1075.6721365
XCME.ZN1.01AUG25.110.C,1.0625000,1.0781250,110,C,1.0575265,683.3358712,825.0639994,761.9395873
