Key,BID,ASK,STRIKE,ITYPE,ADJTHEOR,IVBID,IVASK,IVAVERAGE
XCME.ZN.SEP25,111.1562500,111.1718750,INVALID,F,,,,
XCME.ZN1.01AUG25.112.P,.8437500,.8750000,112,P,.8437958,638.7049483,1006.0274270,865.8248116
