Key,BID,ASK,STRIKE,ITYPE,ADJTHEOR,IVBID,IVASK,IVAVERAGE
XCME.ZN.SEP25,111.2656250,111.2812500,INVALID,F,,,,
XCME.ZN1.01AUG25.112:5.P,INVALID,INVALID,112.5000000,P,,,,
