Key,BID,ASK,STRIKE,ITYPE,ADJTHEOR,IVBID,IVASK,IVAVERAGE
XCME.ZN.SEP25,111.1406250,111.1562500,INVALID,F,,,,
XCME.ZN1.01AUG25.113.C,INVALID,.0069999,113,C,.0001116,,1212.3238711,1097.8117390
XCME.ZN1.01AUG25.110:75.C,.5000000,.5156250,110.7500000,C,.4507862,852.3221367,914.5644212,883.6382168
