Key,BID,ASK,STRIKE,ITYPE,ADJTHEOR,IVBID,IVASK,IVAVERAGE
XCME.ZN.SEP25,111.2343750,111.2500000,INVALID,F,,,,
XCME.ZN1.01AUG25.110.C,1.2343750,1.2656250,110,C,1.2389990,,1189.8976086,1051.9700203
XCME.ZN1.01AUG25.111:25.C,.2500000,.2656250,111.2500000,C,.1817170,900.5444307,955.6000841,928.0723838
