Key,BID,ASK,STRIKE,ITYPE,ADJTHEOR,IVBID,IVASK,IVAVERAGE
XCME.ZN.SEP25,111.1406250,111.1562500,INVALID,F,,,,
XCME.ZN1.01AUG25.110.C,1.1562500,1.1718750,110,C,1.1414506,221.9171834,1131.0689767,1013.8030991
XCME.ZN1.01AUG25.111:25.C,.2031250,.2343750,111.2500000,C,.1420634,874.4157712,983.3840844,928.9418990
