Key,BID,ASK,STRIKE,ITYPE,ADJTHEOR,IVBID,IVASK,IVAVERAGE
XCME.ZN.SEP25,111.1718750,111.1875000,INVALID,F,,,,
XCME.ZN1.01AUG25.110:5.P,.0312500,.0468750,110.5000000,P,.0123069,789.2835168,893.7624986,843.6001376
