Key,BID,ASK,STRIKE,ITYPE,ADJTHEOR,IVBID,IVASK,IVAVERAGE
XCME.ZN.SEP25,111.1562500,111.1718750,INVALID,F,,,,
XCME.ZN1.01AUG25.111:75.C,.0625000,.0781250,111.7500000,C,.0339244,793.5332083,864.9075007,829.8092568
XCME.ZN1.01AUG25.111.P,.1875000,.2187500,111,P,.1368734,869.3813362,919.4440742,894.4318575
