Key,BID,ASK,STRIKE,ITYPE,ADJTHEOR,IVBID,IVASK,IVAVERAGE
XCME.ZN.SEP25,111.1718750,111.1875000,INVALID,F,,,,
XCME.ZN1.01AUG25.111:25.P,.2968750,.3281250,111.2500000,P,.2341614,924.7085330,977.3305910,951.0231008
XCME.ZN1.01AUG25.112:5.P,1.3125000,1.3437500,112.5000000,P,1.3209899,931.0393680,1299.4782111,1151.5123161
