Key,BID,ASK,STRIKE,ITYPE,ADJTHEOR,IVBID,IVASK,IVAVERAGE
XCME.ZN.SEP25,111.2187500,111.2343750,INVALID,F,,,,
XCME.ZN1.01AUG25.113.C,INVALID,.0069999,113,C,.0001034,,1189.0330423,1076.1929835
XCME.ZN1.01AUG25.110:75.C,.5468750,.5781250,110.7500000,C,.5117556,813.0218412,951.3963634,883.6478754
