Key,BID,ASK,STRIKE,ITYPE,ADJTHEOR,IVBID,IVASK,IVAVERAGE
XCME.ZN.SEP25,110.9531250,110.9687500,INVALID,F,,,,
XCME.ZN1.01AUG25.112:75.P,1.7812500,1.8125000,112.7500000,P,1.7933790,,1761.8249324,1493.0346364
XCME.ZN1.01AUG25.111:75.P,.7968750,.8281250,111.7500000,P,.7959752,670.0297317,1087.7236856,931.3986009
