Key,BID,ASK,STRIKE,ITYPE,ADJTHEOR,IVBID,IVASK,IVAVERAGE
XCME.ZN.SEP25,110.9218750,110.9375000,INVALID,F,,,,
XCME.ZN1.01AUG25.112:25.P,1.2968750,1.3281250,112.2500000,P,1.3081915,,1639.7209125,1384.5705502
XCME.ZN1.01AUG25.113.P,2.0468750,2.0781250,113,P,2.0581874,,,
