Key,BID,ASK,STRIKE,ITYPE,ADJTHEOR,IVBID,IVASK,IVAVERAGE
XCME.ZN.SEP25,110.9843750,111,INVALID,F,,,,
XCME.ZN1.01AUG25.112:25.P,1.2500000,1.2812500,112.2500000,P,1.2500613,,1285.0039396,1214.9499516
XCME.ZN1.01AUG25.113.P,1.9843750,2.0156250,113,P,2.0000011,,1880.2784826,1787.6759248
