Key,BID,ASK,STRIKE,ITYPE,ADJTHEOR,IVBID,IVASK,IVAVERAGE
XCME.ZN.SEP25,110.9218750,110.9375000,INVALID,F,,,,
XCME.ZN1.01AUG25.110.P,.0069999,.0156250,110,P,.0012244,795.9373261,932.3413995,871.5947537
XCME.ZN1.01AUG25.110:75.P,.1406250,.1718750,110.7500000,P,.0938052,849.9242639,977.7811183,914.0556189
